Date: 2020-03-13 _ LC: 361 _ NLC: +59 _ LDs: 1 _ NLD: +0 _ G: 1.6857142857142857 _ GC: 133083 _ NGC: +3925 _ GD: 4947 _ NGD: +198 _ G: 0.8594263192467703
Date: 2020-03-13 _ LC: 504 _ NLC: +143 _ LDs: 1 _ NLD: +0 _ G: 2.4237288135593222 _ GC: 145311 _ NGC: +12228 _ GD: 5416 _ NGD: +469 _ G: 3.1154140127388534 
